Time taken: 123.273722s
h_top: 53.164229
h_sides: 95.485102
h_bot: 20.482741
Error: 0.023
